Reading features...
done!
Reading models.
Dynprog'ing...
Setting up HMM...
Adding word cactus0 as # 0
     adding state cactus0
     adding state cactus0
     adding state cactus0
Adding word cactus1 as # 1
     adding state cactus1
     adding state cactus1
     adding state cactus1
Adding word cactus2 as # 2
     adding state cactus2
     adding state cactus2
     adding state cactus2
Adding word cactus3 as # 3
     adding state cactus3
     adding state cactus3
     adding state cactus3
Adding word cactus4 as # 4
     adding state cactus4
     adding state cactus4
     adding state cactus4
Adding word cactus5 as # 5
     adding state cactus5
     adding state cactus5
     adding state cactus5
Adding word cactus6 as # 6
     adding state cactus6
     adding state cactus6
     adding state cactus6
Adding word cactus7 as # 7
     adding state cactus7
     adding state cactus7
     adding state cactus7
Adding word cactus8 as # 8
     adding state cactus8
     adding state cactus8
     adding state cactus8
Adding word cactus9 as # 9
     adding state cactus9
     adding state cactus9
     adding state cactus9
Adding word cactus10 as # 10
     adding state cactus10
     adding state cactus10
     adding state cactus10
Adding word cactus11 as # 11
     adding state cactus11
     adding state cactus11
     adding state cactus11
Adding word cactus12 as # 12
     adding state cactus12
     adding state cactus12
     adding state cactus12
Adding word cactus13 as # 13
     adding state cactus13
     adding state cactus13
     adding state cactus13
Adding word cactus14 as # 14
     adding state cactus14
     adding state cactus14
     adding state cactus14
Adding word cactus15 as # 15
     adding state cactus15
     adding state cactus15
     adding state cactus15
Adding word cactus16 as # 16
     adding state cactus16
     adding state cactus16
     adding state cactus16
Number of frames: 385556
Sorting models...
Processed: 10000 (2.59366 %)
Processed: 20000 (5.18731 %)
Processed: 30000 (7.78097 %)
Processed: 40000 (10.3746 %)
Processed: 50000 (12.9683 %)
Processed: 60000 (15.5619 %)
Processed: 70000 (18.1556 %)
Processed: 80000 (20.7493 %)
Processed: 90000 (23.3429 %)
Processed: 100000 (25.9366 %)
Processed: 110000 (28.5302 %)
Processed: 120000 (31.1239 %)
Processed: 130000 (33.7175 %)
Processed: 140000 (36.3112 %)
Processed: 150000 (38.9049 %)
Processed: 160000 (41.4985 %)
Processed: 170000 (44.0922 %)
Processed: 180000 (46.6858 %)
Processed: 190000 (49.2795 %)
Processed: 200000 (51.8731 %)
Processed: 210000 (54.4668 %)
Processed: 220000 (57.0605 %)
Processed: 230000 (59.6541 %)
Processed: 240000 (62.2478 %)
Processed: 250000 (64.8414 %)
Processed: 260000 (67.4351 %)
Processed: 270000 (70.0287 %)
Processed: 280000 (72.6224 %)
Processed: 290000 (75.2161 %)
Processed: 300000 (77.8097 %)
Processed: 310000 (80.4034 %)
Processed: 320000 (82.997 %)
Processed: 330000 (85.5907 %)
Processed: 340000 (88.1843 %)
Processed: 350000 (90.778 %)
Processed: 360000 (93.3717 %)
Processed: 370000 (95.9653 %)
Processed: 380000 (98.559 %)
REPORTING Traceback and Update
cactus14	LG05: 1278 - 487927	length: 486649	(frames 1-3313 l=3312) 	score=20.7077
Br_LG05	Gr_LG05	Ma_LG05	Mz_LG05	Ol_LG05	Pu_LG05	On_LG05
Br_LG05	0.02	0.59	0.47	1.36	0.46	0.45	1.14
Gr_LG05	0.59	0.03	0.50	1.04	0.55	0.54	1.23
Ma_LG05	0.47	0.50	0.03	1.34	0.35	0.31	1.52
Mz_LG05	1.36	1.04	1.34	0.01	1.43	1.42	0.29
Ol_LG05	0.46	0.55	0.35	1.43	0.03	0.27	1.63
Pu_LG05	0.45	0.54	0.31	1.42	0.27	0.03	1.64
On_LG05	1.14	1.23	1.52	0.29	1.63	1.64	-0.00
cactus0	LG05: 487940 - 499860	length: 11920	(frames 3314-3504 l=190) 	score=378.688
Br_LG05	Gr_LG05	Ma_LG05	Mz_LG05	Ol_LG05	Pu_LG05	On_LG05
Br_LG05	0.04	0.32	0.33	1.59	0.25	0.23	1.49
Gr_LG05	0.32	0.00	0.28	1.88	0.23	0.23	2.11
Ma_LG05	0.33	0.28	-0.00	1.58	0.25	0.20	1.86
Mz_LG05	1.59	1.88	1.58	-0.00	1.67	1.68	0.18
Ol_LG05	0.25	0.23	0.25	1.67	0.02	0.15	2.11
Pu_LG05	0.23	0.23	0.20	1.68	0.15	0.05	1.96
On_LG05	1.49	2.11	1.86	0.18	2.11	1.96	-0.00
cactus9	LG05: 499901 - 706017	length: 206116	(frames 3505-4791 l=1286) 	score=77.6632
Br_LG05	Gr_LG05	Ma_LG05	Mz_LG05	Ol_LG05	Pu_LG05	On_LG05
Br_LG05	0.03	0.80	0.45	1.05	0.84	0.71	0.99
Gr_LG05	0.80	0.04	0.71	1.10	0.39	0.47	1.34
Ma_LG05	0.45	0.71	0.04	1.05	0.70	0.54	1.15
Mz_LG05	1.05	1.10	1.05	0.02	1.15	1.07	0.34
Ol_LG05	0.84	0.39	0.70	1.15	0.05	0.45	1.27
Pu_LG05	0.71	0.47	0.54	1.07	0.45	0.08	1.23
On_LG05	0.99	1.34	1.15	0.34	1.27	1.23	-0.00
cactus0	LG05: 706087 - 733860	length: 27773	(frames 4792-5075 l=283) 	score=365.399
Br_LG05	Gr_LG05	Ma_LG05	Mz_LG05	Ol_LG05	Pu_LG05	On_LG05
Br_LG05	0.04	0.27	0.29	2.19	0.19	0.23	1.86
Gr_LG05	0.27	0.07	0.22	1.92	0.19	0.22	2.21
Ma_LG05	0.29	0.22	0.04	2.09	0.18	0.14	2.17
Mz_LG05	2.19	1.92	2.09	0.00	2.51	2.42	0.10
Ol_LG05	0.19	0.19	0.18	2.51	0.03	0.12	2.73
Pu_LG05	0.23	0.22	0.14	2.42	0.12	0.02	2.42
On_LG05	1.86	2.21	2.17	0.10	2.73	2.42	-0.00
cactus14	LG05: 736928 - 1158725	length: 421797	(frames 5076-8167 l=3091) 	score=54.6317
Br_LG05	Gr_LG05	Ma_LG05	Mz_LG05	Ol_LG05	Pu_LG05	On_LG05
Br_LG05	0.03	0.50	0.54	1.32	0.52	0.50	1.12
Gr_LG05	0.50	0.04	0.52	1.17	0.45	0.42	1.33
Ma_LG05	0.54	0.52	0.03	1.19	0.48	0.48	1.34
Mz_LG05	1.32	1.17	1.19	0.01	1.38	1.36	0.30
Ol_LG05	0.52	0.45	0.48	1.38	0.04	0.29	1.53
Pu_LG05	0.50	0.42	0.48	1.36	0.29	0.04	1.50
On_LG05	1.12	1.33	1.34	0.30	1.53	1.50	-0.00
cactus0	LG05: 1158770 - 1187064	length: 28294	(frames 8168-8338 l=170) 	score=1003.93
Br_LG05	Gr_LG05	Ma_LG05	Mz_LG05	Ol_LG05	Pu_LG05	On_LG05
Br_LG05	0.02	0.20	0.26	2.37	0.29	0.33	1.67
Gr_LG05	0.20	0.03	0.16	2.10	0.27	0.34	2.06
Ma_LG05	0.26	0.16	0.01	2.51	0.30	0.31	1.71
Mz_LG05	2.37	2.10	2.51	0.01	2.10	2.24	0.13
Ol_LG05	0.29	0.27	0.30	2.10	0.03	0.11	2.20
Pu_LG05	0.33	0.34	0.31	2.24	0.11	0.03	1.95
On_LG05	1.67	2.06	1.71	0.13	2.20	1.95	-0.00
cactus5	LG05: 1187776 - 1204705	length: 16929	(frames 8339-8453 l=114) 	score=1517.64
Br_LG05	Gr_LG05	Ma_LG05	Mz_LG05	Ol_LG05	Pu_LG05	On_LG05
Br_LG05	0.08	0.71	0.78	0.91	0.69	0.59	0.87
Gr_LG05	0.71	0.03	0.29	1.12	0.56	0.51	1.44
Ma_LG05	0.78	0.29	0.03	1.10	0.71	0.62	1.43
Mz_LG05	0.91	1.12	1.10	0.03	1.11	0.99	0.47
Ol_LG05	0.69	0.56	0.71	1.11	0.04	0.36	1.12
Pu_LG05	0.59	0.51	0.62	0.99	0.36	0.09	1.45
On_LG05	0.87	1.44	1.43	0.47	1.12	1.45	-0.00
cactus0	LG05: 1205032 - 1268077	length: 63045	(frames 8454-9325 l=871) 	score=217.831
Br_LG05	Gr_LG05	Ma_LG05	Mz_LG05	Ol_LG05	Pu_LG05	On_LG05
Br_LG05	0.02	0.27	0.28	1.84	0.23	0.23	1.76
Gr_LG05	0.27	0.02	0.24	1.82	0.25	0.27	1.90
Ma_LG05	0.28	0.24	0.01	1.81	0.23	0.24	1.91
Mz_LG05	1.84	1.82	1.81	0.00	1.94	1.88	0.13
Ol_LG05	0.23	0.25	0.23	1.94	0.01	0.13	2.05
Pu_LG05	0.23	0.27	0.24	1.88	0.13	0.03	1.91
On_LG05	1.76	1.90	1.91	0.13	2.05	1.91	-0.00
cactus14	LG05: 1268080 - 1388509	length: 120429	(frames 9326-10017 l=691) 	score=294.77
Br_LG05	Gr_LG05	Ma_LG05	Mz_LG05	Ol_LG05	Pu_LG05	On_LG05
Br_LG05	0.05	0.61	0.67	1.03	0.67	0.61	0.98
Gr_LG05	0.61	0.06	0.45	1.27	0.50	0.54	1.38
Ma_LG05	0.67	0.45	0.05	1.24	0.58	0.61	1.28
Mz_LG05	1.03	1.27	1.24	0.02	1.30	1.27	0.25
Ol_LG05	0.67	0.50	0.58	1.30	0.06	0.49	1.37
Pu_LG05	0.61	0.54	0.61	1.27	0.49	0.06	1.24
On_LG05	0.98	1.38	1.28	0.25	1.37	1.24	-0.00
cactus0	LG05: 1388577 - 1438120	length: 49543	(frames 10018-10416 l=398) 	score=531.735
Br_LG05	Gr_LG05	Ma_LG05	Mz_LG05	Ol_LG05	Pu_LG05	On_LG05
Br_LG05	0.03	0.18	0.39	1.91	0.35	0.15	1.92
Gr_LG05	0.18	0.03	0.32	1.90	0.30	0.13	2.24
Ma_LG05	0.39	0.32	0.00	1.24	0.43	0.38	1.38
Mz_LG05	1.91	1.90	1.24	-0.00	1.48	2.03	0.15
Ol_LG05	0.35	0.30	0.43	1.48	0.02	0.28	1.42
Pu_LG05	0.15	0.13	0.38	2.03	0.28	0.01	2.38
On_LG05	1.92	2.24	1.38	0.15	1.42	2.38	-0.00
cactus9	LG05: 1438506 - 1515727	length: 77221	(frames 10417-11074 l=657) 	score=346.33
Br_LG05	Gr_LG05	Ma_LG05	Mz_LG05	Ol_LG05	Pu_LG05	On_LG05
Br_LG05	0.07	0.64	0.68	0.90	0.64	0.58	0.86
Gr_LG05	0.64	0.06	0.44	1.11	0.51	0.47	1.25
Ma_LG05	0.68	0.44	0.02	1.15	0.44	0.57	1.28
Mz_LG05	0.90	1.11	1.15	0.01	1.20	1.19	0.26
Ol_LG05	0.64	0.51	0.44	1.20	0.01	0.46	1.39
Pu_LG05	0.58	0.47	0.57	1.19	0.46	0.02	1.30
On_LG05	0.86	1.25	1.28	0.26	1.39	1.30	-0.00
cactus0	LG05: 1515782 - 1552040	length: 36258	(frames 11075-11389 l=314) 	score=744.3
Br_LG05	Gr_LG05	Ma_LG05	Mz_LG05	Ol_LG05	Pu_LG05	On_LG05
Br_LG05	0.04	0.29	0.36	1.62	0.36	0.31	1.53
Gr_LG05	0.29	0.05	0.31	1.51	0.29	0.28	1.67
Ma_LG05	0.36	0.31	0.00	1.55	0.32	0.28	1.67
Mz_LG05	1.62	1.51	1.55	-0.00	1.59	1.96	0.13
Ol_LG05	0.36	0.29	0.32	1.59	0.05	0.19	1.86
Pu_LG05	0.31	0.28	0.28	1.96	0.19	0.00	2.09
On_LG05	1.53	1.67	1.67	0.13	1.86	2.09	-0.00
cactus5	LG05: 1552480 - 1568722	length: 16242	(frames 11390-11585 l=195) 	score=1222.27
Br_LG05	Gr_LG05	Ma_LG05	Mz_LG05	Ol_LG05	Pu_LG05	On_LG05
Br_LG05	0.05	0.53	0.49	1.00	0.68	0.68	0.84
Gr_LG05	0.53	0.06	0.52	0.74	0.55	0.58	1.06
Ma_LG05	0.49	0.52	0.00	0.80	0.63	0.72	0.91
Mz_LG05	1.00	0.74	0.80	-0.00	1.17	1.24	0.28
Ol_LG05	0.68	0.55	0.63	1.17	0.03	0.27	1.54
Pu_LG05	0.68	0.58	0.72	1.24	0.27	-0.00	1.31
On_LG05	0.84	1.06	0.91	0.28	1.54	1.31	-0.00
cactus0	LG05: 1568799 - 1596228	length: 27429	(frames 11586-11780 l=194) 	score=1248.13
Br_LG05	Gr_LG05	Ma_LG05	Mz_LG05	Ol_LG05	Pu_LG05	On_LG05
Br_LG05	0.02	0.30	0.34	1.80	0.26	0.18	1.92
Gr_LG05	0.30	0.04	0.35	1.83	0.23	0.25	1.71
Ma_LG05	0.34	0.35	0.01	1.53	0.24	0.27	1.66
Mz_LG05	1.80	1.83	1.53	0.01	1.75	2.01	0.09
Ol_LG05	0.26	0.23	0.24	1.75	0.03	0.24	1.73
Pu_LG05	0.18	0.25	0.27	2.01	0.24	0.01	2.32
On_LG05	1.92	1.71	1.66	0.09	1.73	2.32	-0.00
cactus2	LG05: 1596334 - 1754954	length: 158620	(frames 11781-13985 l=2204) 	score=133.211
Br_LG05	Gr_LG05	Ma_LG05	Mz_LG05	Ol_LG05	Pu_LG05	On_LG05
Br_LG05	0.05	0.36	0.46	1.31	0.42	0.37	1.28
Gr_LG05	0.36	0.04	0.37	1.36	0.38	0.38	1.55
Ma_LG05	0.46	0.37	0.00	1.38	0.33	0.38	1.44
Mz_LG05	1.31	1.36	1.38	0.00	1.41	1.48	0.18
Ol_LG05	0.42	0.38	0.33	1.41	0.05	0.32	1.51
Pu_LG05	0.37	0.38	0.38	1.48	0.32	0.00	1.55
On_LG05	1.28	1.55	1.44	0.18	1.51	1.55	-0.00
cactus0	LG05: 1755155 - 1774484	length: 19329	(frames 13986-14227 l=241) 	score=1233.77
Br_LG05	Gr_LG05	Ma_LG05	Mz_LG05	Ol_LG05	Pu_LG05	On_LG05
Br_LG05	0.04	0.24	0.21	1.78	0.30	0.28	1.83
Gr_LG05	0.24	0.06	0.23	1.50	0.34	0.32	1.58
Ma_LG05	0.21	0.23	-0.00	1.65	0.25	0.27	1.78
Mz_LG05	1.78	1.50	1.65	-0.00	1.90	2.03	0.10
Ol_LG05	0.30	0.34	0.25	1.90	0.00	0.16	1.89
Pu_LG05	0.28	0.32	0.27	2.03	0.16	-0.00	2.08
On_LG05	1.83	1.58	1.78	0.10	1.89	2.08	-0.00
cactus2	LG05: 1774500 - 1831639	length: 57139	(frames 14228-14811 l=583) 	score=534.835
Br_LG05	Gr_LG05	Ma_LG05	Mz_LG05	Ol_LG05	Pu_LG05	On_LG05
Br_LG05	0.05	0.39	0.41	1.28	0.50	0.42	1.31
Gr_LG05	0.39	0.07	0.39	1.17	0.39	0.47	1.49
Ma_LG05	0.41	0.39	0.00	1.41	0.43	0.42	1.40
Mz_LG05	1.28	1.17	1.41	0.00	1.36	1.40	0.23
Ol_LG05	0.50	0.39	0.43	1.36	0.04	0.56	1.38
Pu_LG05	0.42	0.47	0.42	1.40	0.56	0.01	1.39
On_LG05	1.31	1.49	1.40	0.23	1.38	1.39	-0.00
cactus0	LG05: 1831878 - 1971835	length: 139957	(frames 14812-16248 l=1436) 	score=236.919
Br_LG05	Gr_LG05	Ma_LG05	Mz_LG05	Ol_LG05	Pu_LG05	On_LG05
Br_LG05	0.03	0.30	0.29	1.68	0.28	0.30	1.61
Gr_LG05	0.30	0.04	0.28	1.64	0.27	0.29	1.70
Ma_LG05	0.29	0.28	0.01	1.67	0.25	0.30	1.66
Mz_LG05	1.68	1.64	1.67	0.00	1.70	1.80	0.16
Ol_LG05	0.28	0.27	0.25	1.70	0.03	0.21	1.85
Pu_LG05	0.30	0.29	0.30	1.80	0.21	0.01	1.79
On_LG05	1.61	1.70	1.66	0.16	1.85	1.79	-0.00
cactus14	LG05: 1971959 - 1984079	length: 12120	(frames 16249-16439 l=190) 	score=1807.76
Br_LG05	Gr_LG05	Ma_LG05	Mz_LG05	Ol_LG05	Pu_LG05	On_LG05
Br_LG05	0.04	0.52	0.58	1.20	0.52	0.48	1.15
Gr_LG05	0.52	0.01	0.46	1.29	0.51	0.48	1.25
Ma_LG05	0.58	0.46	0.02	1.12	0.42	0.53	1.30
Mz_LG05	1.20	1.29	1.12	0.01	1.12	1.23	0.25
Ol_LG05	0.52	0.51	0.42	1.12	0.09	0.40	1.41
Pu_LG05	0.48	0.48	0.53	1.23	0.40	0.02	1.40
On_LG05	1.15	1.25	1.30	0.25	1.41	1.40	-0.00
cactus0	LG05: 1984093 - 2000777	length: 16684	(frames 16440-16631 l=191) 	score=1817.9
Br_LG05	Gr_LG05	Ma_LG05	Mz_LG05	Ol_LG05	Pu_LG05	On_LG05
Br_LG05	0.07	0.29	0.35	1.48	0.36	0.41	1.47
Gr_LG05	0.29	0.03	0.19	1.66	0.23	0.22	2.10
Ma_LG05	0.35	0.19	0.00	1.84	0.16	0.17	2.02
Mz_LG05	1.48	1.66	1.84	-0.00	1.96	1.85	0.21
Ol_LG05	0.36	0.23	0.16	1.96	0.02	0.13	1.86
Pu_LG05	0.41	0.22	0.17	1.85	0.13	-0.00	1.84
On_LG05	1.47	2.10	2.02	0.21	1.86	1.84	-0.00
cactus2	LG05: 2000805 - 2085277	length: 84472	(frames 16632-17407 l=775) 	score=473.453
Br_LG05	Gr_LG05	Ma_LG05	Mz_LG05	Ol_LG05	Pu_LG05	On_LG05
Br_LG05	0.06	0.49	0.65	1.12	0.52	0.51	1.06
Gr_LG05	0.49	0.05	0.46	1.11	0.40	0.54	1.36
Ma_LG05	0.65	0.46	0.01	1.18	0.40	0.48	1.40
Mz_LG05	1.12	1.11	1.18	0.01	1.23	1.23	0.26
Ol_LG05	0.52	0.40	0.40	1.23	0.03	0.48	1.41
Pu_LG05	0.51	0.54	0.48	1.23	0.48	0.01	1.28
On_LG05	1.06	1.36	1.40	0.26	1.41	1.28	-0.00
cactus0	LG05: 2085286 - 2200969	length: 115683	(frames 17408-18533 l=1125) 	score=345.562
Br_LG05	Gr_LG05	Ma_LG05	Mz_LG05	Ol_LG05	Pu_LG05	On_LG05
Br_LG05	0.02	0.25	0.34	1.86	0.28	0.22	1.62
Gr_LG05	0.25	0.02	0.25	1.70	0.25	0.23	1.86
Ma_LG05	0.34	0.25	0.01	1.62	0.24	0.29	1.69
Mz_LG05	1.86	1.70	1.62	0.00	1.70	1.95	0.14
Ol_LG05	0.28	0.25	0.24	1.70	0.04	0.22	1.86
Pu_LG05	0.22	0.23	0.29	1.95	0.22	0.01	2.03
On_LG05	1.62	1.86	1.69	0.14	1.86	2.03	-0.00
cactus14	LG05: 2201044 - 2288639	length: 87595	(frames 18534-19273 l=739) 	score=549.093
Br_LG05	Gr_LG05	Ma_LG05	Mz_LG05	Ol_LG05	Pu_LG05	On_LG05
Br_LG05	0.04	0.53	0.58	1.24	0.55	0.45	1.12
Gr_LG05	0.53	0.03	0.32	1.28	0.47	0.50	1.35
Ma_LG05	0.58	0.32	0.01	1.34	0.45	0.51	1.30
Mz_LG05	1.24	1.28	1.34	0.01	1.20	1.29	0.26
Ol_LG05	0.55	0.47	0.45	1.20	0.07	0.38	1.32
Pu_LG05	0.45	0.50	0.51	1.29	0.38	0.01	1.40
On_LG05	1.12	1.35	1.30	0.26	1.32	1.40	-0.00
cactus0	LG05: 2288653 - 2300494	length: 11841	(frames 19274-19401 l=127) 	score=3194.3
Br_LG05	Gr_LG05	Ma_LG05	Mz_LG05	Ol_LG05	Pu_LG05	On_LG05
Br_LG05	0.05	0.19	0.28	1.89	0.20	0.18	1.84
Gr_LG05	0.19	0.03	0.26	1.77	0.26	0.27	2.28
Ma_LG05	0.28	0.26	0.00	1.98	0.23	0.25	1.70
Mz_LG05	1.89	1.77	1.98	-0.00	1.83	1.65	0.18
Ol_LG05	0.20	0.26	0.23	1.83	0.02	0.10	2.00
Pu_LG05	0.18	0.27	0.25	1.65	0.10	0.01	1.84
On_LG05	1.84	2.28	1.70	0.18	2.00	1.84	-0.00
cactus5	LG05: 2300574 - 2367172	length: 66598	(frames 19402-20218 l=816) 	score=524.868
Br_LG05	Gr_LG05	Ma_LG05	Mz_LG05	Ol_LG05	Pu_LG05	On_LG05
Br_LG05	0.04	0.43	0.62	1.12	0.54	0.50	1.05
Gr_LG05	0.43	0.02	0.45	1.07	0.58	0.57	1.22
Ma_LG05	0.62	0.45	0.02	0.83	0.63	0.68	1.02
Mz_LG05	1.12	1.07	0.83	0.00	1.12	1.22	0.31
Ol_LG05	0.54	0.58	0.63	1.12	0.03	0.26	1.43
Pu_LG05	0.50	0.57	0.68	1.22	0.26	0.01	1.32
On_LG05	1.05	1.22	1.02	0.31	1.43	1.32	-0.00
cactus0	LG05: 2367419 - 2387575	length: 20156	(frames 20219-20512 l=293) 	score=1479.43
Br_LG05	Gr_LG05	Ma_LG05	Mz_LG05	Ol_LG05	Pu_LG05	On_LG05
Br_LG05	0.02	0.24	0.53	1.78	0.24	0.24	1.68
Gr_LG05	0.24	0.03	0.39	1.61	0.20	0.24	2.03
Ma_LG05	0.53	0.39	0.01	1.04	0.45	0.51	1.15
Mz_LG05	1.78	1.61	1.04	0.00	2.02	1.99	0.17
Ol_LG05	0.24	0.20	0.45	2.02	0.02	0.12	2.14
Pu_LG05	0.24	0.24	0.51	1.99	0.12	0.00	2.10
On_LG05	1.68	2.03	1.15	0.17	2.14	2.10	-0.00
cactus3	LG05: 2387687 - 2394534	length: 6847	(frames 20513-20592 l=79) 	score=5463.99
Br_LG05	Gr_LG05	Ma_LG05	Mz_LG05	Ol_LG05	Pu_LG05	On_LG05
Br_LG05	0.03	0.60	0.71	1.00	0.89	0.15	1.17
Gr_LG05	0.60	0.01	0.62	1.14	0.28	0.72	1.20
Ma_LG05	0.71	0.62	-0.00	0.76	0.39	0.80	0.68
Mz_LG05	1.00	1.14	0.76	-0.00	1.12	1.04	0.19
Ol_LG05	0.89	0.28	0.39	1.12	0.02	0.82	1.13
Pu_LG05	0.15	0.72	0.80	1.04	0.82	-0.00	1.15
On_LG05	1.17	1.20	0.68	0.19	1.13	1.15	-0.00
cactus0	LG05: 2394541 - 2411942	length: 17401	(frames 20593-20840 l=247) 	score=1782.94
Br_LG05	Gr_LG05	Ma_LG05	Mz_LG05	Ol_LG05	Pu_LG05	On_LG05
Br_LG05	0.03	0.20	0.34	1.83	0.21	0.19	1.93
Gr_LG05	0.20	0.03	0.30	1.87	0.22	0.24	1.77
Ma_LG05	0.34	0.30	0.00	1.54	0.25	0.33	1.51
Mz_LG05	1.83	1.87	1.54	-0.00	1.72	1.79	0.12
Ol_LG05	0.21	0.22	0.25	1.72	0.01	0.23	1.97
Pu_LG05	0.19	0.24	0.33	1.79	0.23	-0.00	1.97
On_LG05	1.93	1.77	1.51	0.12	1.97	1.97	-0.00
cactus3	LG05: 2412270 - 2424699	length: 12429	(frames 20841-21015 l=174) 	score=2553.47
Br_LG05	Gr_LG05	Ma_LG05	Mz_LG05	Ol_LG05	Pu_LG05	On_LG05
Br_LG05	0.04	0.52	0.76	0.98	0.80	0.27	1.03
Gr_LG05	0.52	0.00	0.74	0.83	0.79	0.65	0.84
Ma_LG05	0.76	0.74	-0.00	0.95	0.31	0.65	1.10
Mz_LG05	0.98	0.83	0.95	-0.00	1.12	1.14	0.30
Ol_LG05	0.80	0.79	0.31	1.12	-0.00	0.65	1.16
Pu_LG05	0.27	0.65	0.65	1.14	0.65	-0.00	1.14
On_LG05	1.03	0.84	1.10	0.30	1.16	1.14	-0.00
cactus0	LG05: 2424721 - 2443541	length: 18820	(frames 21016-21307 l=291) 	score=1550.9
Br_LG05	Gr_LG05	Ma_LG05	Mz_LG05	Ol_LG05	Pu_LG05	On_LG05
Br_LG05	0.03	0.25	0.33	1.60	0.24	0.25	1.48
Gr_LG05	0.25	0.03	0.22	1.81	0.26	0.34	1.66
Ma_LG05	0.33	0.22	0.01	1.75	0.29	0.28	1.71
Mz_LG05	1.60	1.81	1.75	0.00	1.80	1.60	0.12
Ol_LG05	0.24	0.26	0.29	1.80	0.02	0.20	1.83
Pu_LG05	0.25	0.34	0.28	1.60	0.20	0.00	1.76
On_LG05	1.48	1.66	1.71	0.12	1.83	1.76	-0.00
cactus8	LG05: 2443573 - 2444762	length: 1189	(frames 21308-21341 l=33) 	score=13347.4
Br_LG05	Gr_LG05	Ma_LG05	Mz_LG05	Ol_LG05	Pu_LG05	On_LG05
Br_LG05	0.07	0.46	1.25	0.92	1.20	0.18	0.92
Gr_LG05	0.46	0.01	1.56	0.92	1.39	0.22	0.66
Ma_LG05	1.25	1.56	-0.00	0.54	0.03	2.05	0.79
Mz_LG05	0.92	0.92	0.54	-0.00	0.58	1.01	0.19
Ol_LG05	1.20	1.39	0.03	0.58	-0.00	1.70	0.75
Pu_LG05	0.18	0.22	2.05	1.01	1.70	-0.00	0.93
On_LG05	0.92	0.66	0.79	0.19	0.75	0.93	-0.00
cactus0	LG05: 2444837 - 2603807	length: 158970	(frames 21342-23506 l=2164) 	score=230.445
Br_LG05	Gr_LG05	Ma_LG05	Mz_LG05	Ol_LG05	Pu_LG05	On_LG05
Br_LG05	0.04	0.30	0.35	1.59	0.34	0.26	1.53
Gr_LG05	0.30	0.05	0.23	1.60	0.31	0.30	1.74
Ma_LG05	0.35	0.23	0.01	1.59	0.28	0.32	1.69
Mz_LG05	1.59	1.60	1.59	0.00	1.52	1.72	0.15
Ol_LG05	0.34	0.31	0.28	1.52	0.03	0.27	1.68
Pu_LG05	0.26	0.30	0.32	1.72	0.27	0.01	1.77
On_LG05	1.53	1.74	1.69	0.15	1.68	1.77	-0.00
cactus16	LG05: 2604141 - 2613115	length: 8974	(frames 23507-23609 l=102) 	score=4869.93
Br_LG05	Gr_LG05	Ma_LG05	Mz_LG05	Ol_LG05	Pu_LG05	On_LG05
Br_LG05	0.07	0.83	0.33	0.73	0.74	0.84	0.82
Gr_LG05	0.83	0.07	0.90	0.69	0.92	0.43	0.69
Ma_LG05	0.33	0.90	0.02	0.96	0.57	1.09	0.94
Mz_LG05	0.73	0.69	0.96	0.02	1.06	0.88	0.40
Ol_LG05	0.74	0.92	0.57	1.06	0.06	0.67	1.33
Pu_LG05	0.84	0.43	1.09	0.88	0.67	0.01	0.97
On_LG05	0.82	0.69	0.94	0.40	1.33	0.97	-0.00
cactus2	LG05: 2613320 - 2650440	length: 37120	(frames 23610-24025 l=415) 	score=1229.58
Br_LG05	Gr_LG05	Ma_LG05	Mz_LG05	Ol_LG05	Pu_LG05	On_LG05
Br_LG05	0.04	0.39	0.39	1.32	0.42	0.38	1.25
Gr_LG05	0.39	0.05	0.36	1.28	0.32	0.42	1.58
Ma_LG05	0.39	0.36	0.00	1.59	0.36	0.44	1.51
Mz_LG05	1.32	1.28	1.59	0.01	1.29	1.19	0.29
Ol_LG05	0.42	0.32	0.36	1.29	0.03	0.43	1.60
Pu_LG05	0.38	0.42	0.44	1.19	0.43	0.00	1.36
On_LG05	1.25	1.58	1.51	0.29	1.60	1.36	-0.00
cactus0	LG05: 2650480 - 2693092	length: 42612	(frames 24026-24521 l=495) 	score=1052.2
Br_LG05	Gr_LG05	Ma_LG05	Mz_LG05	Ol_LG05	Pu_LG05	On_LG05
Br_LG05	0.05	0.35	0.33	1.80	0.34	0.27	1.56
Gr_LG05	0.35	0.05	0.23	1.56	0.31	0.27	1.79
Ma_LG05	0.33	0.23	0.00	1.66	0.26	0.31	1.84
Mz_LG05	1.80	1.56	1.66	-0.00	1.43	1.58	0.17
Ol_LG05	0.34	0.31	0.26	1.43	0.04	0.29	1.69
Pu_LG05	0.27	0.27	0.31	1.58	0.29	0.01	1.71
On_LG05	1.56	1.79	1.84	0.17	1.69	1.71	-0.00
cactus5	LG05: 2693374 - 2703291	length: 9917	(frames 24522-24624 l=102) 	score=5089.33
Br_LG05	Gr_LG05	Ma_LG05	Mz_LG05	Ol_LG05	Pu_LG05	On_LG05
Br_LG05	0.01	0.37	0.20	1.15	1.81	0.93	1.37
Gr_LG05	0.37	0.01	0.19	1.67	1.25	0.98	1.96
Ma_LG05	0.20	0.19	0.02	1.12	1.83	0.98	1.57
Mz_LG05	1.15	1.67	1.12	0.01	0.63	0.50	0.39
Ol_LG05	1.81	1.25	1.83	0.63	0.02	0.68	0.45
Pu_LG05	0.93	0.98	0.98	0.50	0.68	0.10	0.64
On_LG05	1.37	1.96	1.57	0.39	0.45	0.64	-0.00
cactus0	LG05: 2703362 - 2710932	length: 7570	(frames 24625-24721 l=96) 	score=5421.91
Br_LG05	Gr_LG05	Ma_LG05	Mz_LG05	Ol_LG05	Pu_LG05	On_LG05
Br_LG05	-0.00	0.13	0.11	2.10	0.24	0.20	2.11
Gr_LG05	0.13	-0.00	0.06	1.78	0.21	0.15	2.16
Ma_LG05	0.11	0.06	-0.00	2.03	0.23	0.17	2.44
Mz_LG05	2.10	1.78	2.03	-0.00	1.91	1.90	0.10
Ol_LG05	0.24	0.21	0.23	1.91	-0.00	0.12	2.08
Pu_LG05	0.20	0.15	0.17	1.90	0.12	-0.00	2.16
On_LG05	2.11	2.16	2.44	0.10	2.08	2.16	-0.00
cactus3	LG05: 2711008 - 2719509	length: 8501	(frames 24722-24789 l=67) 	score=7760.1
Br_LG05	Gr_LG05	Ma_LG05	Mz_LG05	Ol_LG05	Pu_LG05	On_LG05
Br_LG05	0.03	0.92	0.87	0.82	0.69	0.61	0.88
Gr_LG05	0.92	0.04	0.52	1.08	0.41	0.64	0.90
Ma_LG05	0.87	0.52	0.08	1.04	0.45	0.63	1.20
Mz_LG05	0.82	1.08	1.04	0.01	0.71	1.23	0.53
Ol_LG05	0.69	0.41	0.45	0.71	0.05	0.80	1.27
Pu_LG05	0.61	0.64	0.63	1.23	0.80	0.02	1.01
On_LG05	0.88	0.90	1.20	0.53	1.27	1.01	-0.00
cactus0	LG05: 2719647 - 2784395	length: 64748	(frames 24790-25579 l=789) 	score=687.871
Br_LG05	Gr_LG05	Ma_LG05	Mz_LG05	Ol_LG05	Pu_LG05	On_LG05
Br_LG05	0.03	0.32	0.29	1.80	0.25	0.20	1.65
Gr_LG05	0.32	0.04	0.25	1.48	0.34	0.28	1.65
Ma_LG05	0.29	0.25	0.03	1.67	0.28	0.25	1.82
Mz_LG05	1.80	1.48	1.67	0.00	1.69	1.94	0.14
Ol_LG05	0.25	0.34	0.28	1.69	0.02	0.20	1.79
Pu_LG05	0.20	0.28	0.25	1.94	0.20	0.00	2.15
On_LG05	1.65	1.65	1.82	0.14	1.79	2.15	-0.00
cactus2	LG05: 2784467 - 2804158	length: 19691	(frames 25580-25847 l=267) 	score=2052.65
Br_LG05	Gr_LG05	Ma_LG05	Mz_LG05	Ol_LG05	Pu_LG05	On_LG05
Br_LG05	0.01	0.53	0.58	1.22	0.53	0.33	1.21
Gr_LG05	0.53	0.05	0.37	1.21	0.49	0.47	1.21
Ma_LG05	0.58	0.37	0.02	1.12	0.39	0.55	1.17
Mz_LG05	1.22	1.21	1.12	0.00	1.11	1.54	0.19
Ol_LG05	0.53	0.49	0.39	1.11	0.08	0.47	1.32
Pu_LG05	0.33	0.47	0.55	1.54	0.47	0.00	1.45
On_LG05	1.21	1.21	1.17	0.19	1.32	1.45	-0.00
cactus0	LG05: 2804176 - 2842383	length: 38207	(frames 25848-26453 l=605) 	score=928.41
Br_LG05	Gr_LG05	Ma_LG05	Mz_LG05	Ol_LG05	Pu_LG05	On_LG05
Br_LG05	0.04	0.29	0.36	1.59	0.30	0.30	1.55
Gr_LG05	0.29	0.04	0.27	1.70	0.29	0.29	1.64
Ma_LG05	0.36	0.27	0.01	1.64	0.26	0.28	1.60
Mz_LG05	1.59	1.70	1.64	-0.00	1.69	1.81	0.11
Ol_LG05	0.30	0.29	0.26	1.69	0.05	0.17	1.84
Pu_LG05	0.30	0.29	0.28	1.81	0.17	0.00	1.87
On_LG05	1.55	1.64	1.60	0.11	1.84	1.87	-0.00
cactus2	LG05: 2842495 - 2881559	length: 39064	(frames 26454-26890 l=436) 	score=1311.22
Br_LG05	Gr_LG05	Ma_LG05	Mz_LG05	Ol_LG05	Pu_LG05	On_LG05
Br_LG05	0.03	0.49	0.55	1.34	0.44	0.48	1.28
Gr_LG05	0.49	0.04	0.35	1.19	0.46	0.42	1.29
Ma_LG05	0.55	0.35	0.03	1.11	0.34	0.45	1.34
Mz_LG05	1.34	1.19	1.11	0.00	1.32	1.49	0.19
Ol_LG05	0.44	0.46	0.34	1.32	0.03	0.40	1.41
Pu_LG05	0.48	0.42	0.45	1.49	0.40	0.02	1.47
On_LG05	1.28	1.29	1.34	0.19	1.41	1.47	-0.00
cactus0	LG05: 2881569 - 2943355	length: 61786	(frames 26891-27506 l=615) 	score=951.375
Br_LG05	Gr_LG05	Ma_LG05	Mz_LG05	Ol_LG05	Pu_LG05	On_LG05
Br_LG05	0.05	0.31	0.33	1.54	0.33	0.33	1.47
Gr_LG05	0.31	0.04	0.28	1.61	0.31	0.33	1.56
Ma_LG05	0.33	0.28	0.02	1.49	0.31	0.36	1.53
Mz_LG05	1.54	1.61	1.49	0.00	1.66	1.66	0.15
Ol_LG05	0.33	0.31	0.31	1.66	0.04	0.29	1.72
Pu_LG05	0.33	0.33	0.36	1.66	0.29	0.00	1.80
On_LG05	1.47	1.56	1.53	0.15	1.72	1.80	-0.00
cactus3	LG05: 2943369 - 2946161	length: 2792	(frames 27507-27569 l=62) 	score=9331.59
Br_LG05	Gr_LG05	Ma_LG05	Mz_LG05	Ol_LG05	Pu_LG05	On_LG05
Br_LG05	0.06	0.59	0.81	1.20	0.61	0.46	1.18
Gr_LG05	0.59	0.09	0.74	1.07	0.53	0.63	1.23
Ma_LG05	0.81	0.74	0.01	0.71	0.64	0.58	0.86
Mz_LG05	1.20	1.07	0.71	-0.00	0.93	0.78	0.37
Ol_LG05	0.61	0.53	0.64	0.93	0.03	0.69	1.15
Pu_LG05	0.46	0.63	0.58	0.78	0.69	-0.00	0.94
On_LG05	1.18	1.23	0.86	0.37	1.15	0.94	-0.00
cactus0	LG05: 2946235 - 2952082	length: 5847	(frames 27570-27676 l=106) 	score=5512.52
Br_LG05	Gr_LG05	Ma_LG05	Mz_LG05	Ol_LG05	Pu_LG05	On_LG05
Br_LG05	0.07	0.26	0.26	1.69	0.26	0.27	1.62
Gr_LG05	0.26	0.04	0.17	1.89	0.17	0.14	2.37
Ma_LG05	0.26	0.17	0.00	1.95	0.17	0.19	2.03
Mz_LG05	1.69	1.89	1.95	-0.00	1.83	2.36	0.08
Ol_LG05	0.26	0.17	0.17	1.83	0.04	0.11	2.07
Pu_LG05	0.27	0.14	0.19	2.36	0.11	-0.00	2.59
On_LG05	1.62	2.37	2.03	0.08	2.07	2.59	-0.00
cactus2	LG05: 2952089 - 3009876	length: 57787	(frames 27677-28299 l=622) 	score=970.494
Br_LG05	Gr_LG05	Ma_LG05	Mz_LG05	Ol_LG05	Pu_LG05	On_LG05
Br_LG05	0.04	0.39	0.45	1.40	0.39	0.35	1.39
Gr_LG05	0.39	0.04	0.39	1.38	0.36	0.39	1.39
Ma_LG05	0.45	0.39	0.04	1.17	0.38	0.50	1.33
Mz_LG05	1.40	1.38	1.17	0.00	1.34	1.61	0.18
Ol_LG05	0.39	0.36	0.38	1.34	0.03	0.30	1.49
Pu_LG05	0.35	0.39	0.50	1.61	0.30	0.00	1.55
On_LG05	1.39	1.39	1.33	0.18	1.49	1.55	-0.00
cactus0	LG05: 3009975 - 3059247	length: 49272	(frames 28300-28691 l=391) 	score=1562.92
Br_LG05	Gr_LG05	Ma_LG05	Mz_LG05	Ol_LG05	Pu_LG05	On_LG05
Br_LG05	0.05	0.35	0.29	1.60	0.31	0.26	1.45
Gr_LG05	0.35	0.05	0.26	1.56	0.25	0.28	1.82
Ma_LG05	0.29	0.26	0.03	1.61	0.24	0.19	1.73
Mz_LG05	1.60	1.56	1.61	0.00	1.80	1.70	0.12
Ol_LG05	0.31	0.25	0.24	1.80	0.01	0.24	1.90
Pu_LG05	0.26	0.28	0.19	1.70	0.24	0.00	2.11
On_LG05	1.45	1.82	1.73	0.12	1.90	2.11	-0.00
cactus2	LG05: 3059394 - 3144977	length: 85583	(frames 28692-29582 l=890) 	score=710.738
Br_LG05	Gr_LG05	Ma_LG05	Mz_LG05	Ol_LG05	Pu_LG05	On_LG05
Br_LG05	0.05	0.34	0.45	1.32	0.44	0.38	1.29
Gr_LG05	0.34	0.02	0.39	1.30	0.46	0.45	1.37
Ma_LG05	0.45	0.39	0.03	1.39	0.36	0.44	1.45
Mz_LG05	1.32	1.30	1.39	0.00	1.35	1.50	0.18
Ol_LG05	0.44	0.46	0.36	1.35	0.04	0.28	1.43
Pu_LG05	0.38	0.45	0.44	1.50	0.28	0.01	1.60
On_LG05	1.29	1.37	1.45	0.18	1.43	1.60	-0.00
cactus0	LG05: 3145303 - 3237313	length: 92010	(frames 29583-30619 l=1036) 	score=630.872
Br_LG05	Gr_LG05	Ma_LG05	Mz_LG05	Ol_LG05	Pu_LG05	On_LG05
Br_LG05	0.04	0.28	0.29	1.61	0.30	0.31	1.66
Gr_LG05	0.28	0.04	0.26	1.65	0.26	0.28	1.71
Ma_LG05	0.29	0.26	0.00	1.63	0.25	0.33	1.71
Mz_LG05	1.61	1.65	1.63	0.00	1.76	1.84	0.12
Ol_LG05	0.30	0.26	0.25	1.76	0.04	0.24	1.91
Pu_LG05	0.31	0.28	0.33	1.84	0.24	0.00	1.81
On_LG05	1.66	1.71	1.71	0.12	1.91	1.81	-0.00
cactus2	LG05: 3237797 - 3362848	length: 125051	(frames 30620-31956 l=1336) 	score=512.821
Br_LG05	Gr_LG05	Ma_LG05	Mz_LG05	Ol_LG05	Pu_LG05	On_LG05
Br_LG05	0.04	0.36	0.48	1.30	0.44	0.37	1.27
Gr_LG05	0.36	0.03	0.38	1.34	0.40	0.41	1.49
Ma_LG05	0.48	0.38	0.01	1.38	0.34	0.41	1.47
Mz_LG05	1.30	1.34	1.38	0.01	1.31	1.42	0.20
Ol_LG05	0.44	0.40	0.34	1.31	0.04	0.37	1.43
Pu_LG05	0.37	0.41	0.41	1.42	0.37	0.01	1.48
On_LG05	1.27	1.49	1.47	0.20	1.43	1.48	-0.00
cactus0	LG05: 3363074 - 3381289	length: 18215	(frames 31957-32117 l=160) 	score=4275.43
Br_LG05	Gr_LG05	Ma_LG05	Mz_LG05	Ol_LG05	Pu_LG05	On_LG05
Br_LG05	0.02	0.19	0.22	2.52	0.20	0.12	2.32
Gr_LG05	0.19	0.05	0.22	2.17	0.18	0.13	2.44
Ma_LG05	0.22	0.22	-0.00	2.17	0.13	0.21	1.82
Mz_LG05	2.52	2.17	2.17	-0.00	2.06	2.57	0.09
Ol_LG05	0.20	0.18	0.13	2.06	0.03	0.14	2.08
Pu_LG05	0.12	0.13	0.21	2.57	0.14	-0.00	2.51
On_LG05	2.32	2.44	1.82	0.09	2.08	2.51	-0.00
cactus2	LG05: 3381463 - 3471736	length: 90273	(frames 32118-33178 l=1060) 	score=673.44
Br_LG05	Gr_LG05	Ma_LG05	Mz_LG05	Ol_LG05	Pu_LG05	On_LG05
Br_LG05	0.06	0.37	0.55	1.24	0.47	0.37	1.25
Gr_LG05	0.37	0.03	0.46	1.21	0.39	0.44	1.33
Ma_LG05	0.55	0.46	0.00	1.21	0.42	0.51	1.25
Mz_LG05	1.24	1.21	1.21	0.00	1.26	1.33	0.19
Ol_LG05	0.47	0.39	0.42	1.26	0.05	0.41	1.42
Pu_LG05	0.37	0.44	0.51	1.33	0.41	0.00	1.48
On_LG05	1.25	1.33	1.25	0.19	1.42	1.48	-0.00
cactus0	LG05: 3472096 - 3537468	length: 65372	(frames 33179-33709 l=530) 	score=1365.01
Br_LG05	Gr_LG05	Ma_LG05	Mz_LG05	Ol_LG05	Pu_LG05	On_LG05
Br_LG05	0.03	0.30	0.28	1.69	0.27	0.24	1.77
Gr_LG05	0.30	0.05	0.29	1.64	0.28	0.27	1.68
Ma_LG05	0.28	0.29	0.02	1.70	0.31	0.24	1.66
Mz_LG05	1.69	1.64	1.70	0.00	1.80	2.14	0.11
Ol_LG05	0.27	0.28	0.31	1.80	0.03	0.17	1.88
Pu_LG05	0.24	0.27	0.24	2.14	0.17	0.00	2.06
On_LG05	1.77	1.68	1.66	0.11	1.88	2.06	-0.00
cactus2	LG05: 3537512 - 3730856	length: 193344	(frames 33710-35524 l=1814) 	score=422.581
Br_LG05	Gr_LG05	Ma_LG05	Mz_LG05	Ol_LG05	Pu_LG05	On_LG05
Br_LG05	0.03	0.37	0.46	1.41	0.45	0.41	1.30
Gr_LG05	0.37	0.05	0.38	1.26	0.43	0.41	1.43
Ma_LG05	0.46	0.38	0.02	1.25	0.42	0.40	1.40
Mz_LG05	1.41	1.26	1.25	0.00	1.29	1.38	0.23
Ol_LG05	0.45	0.43	0.42	1.29	0.05	0.34	1.42
Pu_LG05	0.41	0.41	0.40	1.38	0.34	0.01	1.48
On_LG05	1.30	1.43	1.40	0.23	1.42	1.48	-0.00
cactus0	LG05: 3730878 - 3754610	length: 23732	(frames 35525-35709 l=184) 	score=4165.21
Br_LG05	Gr_LG05	Ma_LG05	Mz_LG05	Ol_LG05	Pu_LG05	On_LG05
Br_LG05	0.04	0.25	0.30	1.67	0.34	0.32	1.52
Gr_LG05	0.25	0.04	0.22	1.80	0.22	0.19	1.87
Ma_LG05	0.30	0.22	-0.00	1.60	0.29	0.30	1.55
Mz_LG05	1.67	1.80	1.60	-0.00	1.78	1.96	0.14
Ol_LG05	0.34	0.22	0.29	1.78	0.02	0.06	2.36
Pu_LG05	0.32	0.19	0.30	1.96	0.06	-0.00	2.34
On_LG05	1.52	1.87	1.55	0.14	2.36	2.34	-0.00
cactus2	LG05: 3754629 - 3893156	length: 138527	(frames 35710-37306 l=1596) 	score=505.881
Br_LG05	Gr_LG05	Ma_LG05	Mz_LG05	Ol_LG05	Pu_LG05	On_LG05
Br_LG05	0.04	0.42	0.51	1.23	0.47	0.45	1.18
Gr_LG05	0.42	0.04	0.44	1.26	0.39	0.40	1.45
Ma_LG05	0.51	0.44	0.02	1.16	0.44	0.48	1.26
Mz_LG05	1.23	1.26	1.16	0.00	1.38	1.50	0.23
Ol_LG05	0.47	0.39	0.44	1.38	0.04	0.29	1.52
Pu_LG05	0.45	0.40	0.48	1.50	0.29	0.01	1.62
On_LG05	1.18	1.45	1.26	0.23	1.52	1.62	-0.00
cactus0	LG05: 3893178 - 3943719	length: 50541	(frames 37307-37879 l=572) 	score=1429.85
Br_LG05	Gr_LG05	Ma_LG05	Mz_LG05	Ol_LG05	Pu_LG05	On_LG05
Br_LG05	0.02	0.30	0.31	1.55	0.34	0.35	1.38
Gr_LG05	0.30	0.05	0.24	1.57	0.24	0.30	1.74
Ma_LG05	0.31	0.24	0.01	1.72	0.23	0.29	1.69
Mz_LG05	1.55	1.57	1.72	0.01	1.74	1.78	0.18
Ol_LG05	0.34	0.24	0.23	1.74	0.03	0.20	2.04
Pu_LG05	0.35	0.30	0.29	1.78	0.20	0.01	2.07
On_LG05	1.38	1.74	1.69	0.18	2.04	2.07	-0.00
cactus2	LG05: 3943747 - 4004278	length: 60531	(frames 37880-38595 l=715) 	score=1167.51
Br_LG05	Gr_LG05	Ma_LG05	Mz_LG05	Ol_LG05	Pu_LG05	On_LG05
Br_LG05	0.01	0.39	0.41	1.31	0.49	0.48	1.31
Gr_LG05	0.39	0.05	0.41	1.23	0.32	0.43	1.44
Ma_LG05	0.41	0.41	0.05	1.21	0.39	0.43	1.37
Mz_LG05	1.31	1.23	1.21	0.01	1.37	1.45	0.21
Ol_LG05	0.49	0.32	0.39	1.37	0.05	0.32	1.57
Pu_LG05	0.48	0.43	0.43	1.45	0.32	0.01	1.54
On_LG05	1.31	1.44	1.37	0.21	1.57	1.54	-0.00
cactus1	LG05: 4004304 - 4006680	length: 2376	(frames 38596-38641 l=45) 	score=18199
Br_LG05	Gr_LG05	Ma_LG05	Mz_LG05	Ol_LG05	Pu_LG05	On_LG05
Br_LG05	0.04	0.85	1.03	1.39	0.23	0.26	1.21
Gr_LG05	0.85	0.06	0.21	0.57	1.28	1.36	0.53
Ma_LG05	1.03	0.21	0.07	0.39	1.26	1.34	0.65
Mz_LG05	1.39	0.57	0.39	-0.00	1.75	1.88	0.27
Ol_LG05	0.23	1.28	1.26	1.75	-0.00	0.02	2.04
Pu_LG05	0.26	1.36	1.34	1.88	0.02	-0.00	1.88
On_LG05	1.21	0.53	0.65	0.27	2.04	1.88	-0.00
cactus0	LG05: 4006755 - 4038966	length: 32211	(frames 38642-38918 l=276) 	score=3041.79
Br_LG05	Gr_LG05	Ma_LG05	Mz_LG05	Ol_LG05	Pu_LG05	On_LG05
Br_LG05	0.04	0.25	0.29	1.91	0.27	0.17	1.78
Gr_LG05	0.25	0.05	0.28	1.51	0.27	0.25	1.81
Ma_LG05	0.29	0.28	0.02	1.51	0.27	0.29	1.59
Mz_LG05	1.91	1.51	1.51	-0.00	1.71	2.37	0.13
Ol_LG05	0.27	0.27	0.27	1.71	0.07	0.17	1.84
Pu_LG05	0.17	0.25	0.29	2.37	0.17	-0.00	2.24
On_LG05	1.78	1.81	1.59	0.13	1.84	2.24	-0.00
cactus2	LG05: 4039005 - 4733735	length: 694730	(frames 38919-45171 l=6252) 	score=158.444
Br_LG05	Gr_LG05	Ma_LG05	Mz_LG05	Ol_LG05	Pu_LG05	On_LG05
Br_LG05	0.04	0.45	0.49	1.23	0.48	0.44	1.18
Gr_LG05	0.45	0.05	0.41	1.17	0.44	0.46	1.34
Ma_LG05	0.49	0.41	0.01	1.22	0.41	0.48	1.35
Mz_LG05	1.23	1.17	1.22	0.01	1.21	1.31	0.24
Ol_LG05	0.48	0.44	0.41	1.21	0.03	0.39	1.39
Pu_LG05	0.44	0.46	0.48	1.31	0.39	0.02	1.42
On_LG05	1.18	1.34	1.35	0.24	1.39	1.42	-0.00
cactus16	LG05: 4733839 - 4738528	length: 4689	(frames 45172-45274 l=102) 	score=9643.57
Br_LG05	Gr_LG05	Ma_LG05	Mz_LG05	Ol_LG05	Pu_LG05	On_LG05
Br_LG05	0.02	1.17	0.17	1.15	0.16	1.18	0.91
Gr_LG05	1.17	0.00	1.12	0.80	1.04	0.09	1.03
Ma_LG05	0.17	1.12	-0.00	1.13	0.06	1.10	1.21
Mz_LG05	1.15	0.80	1.13	0.02	1.04	0.79	0.29
Ol_LG05	0.16	1.04	0.06	1.04	0.02	1.02	1.28
Pu_LG05	1.18	0.09	1.10	0.79	1.02	0.00	1.01
On_LG05	0.91	1.03	1.21	0.29	1.28	1.01	-0.00
cactus3	LG05: 4738583 - 4819617	length: 81034	(frames 45275-46019 l=744) 	score=1357.92
Br_LG05	Gr_LG05	Ma_LG05	Mz_LG05	Ol_LG05	Pu_LG05	On_LG05
Br_LG05	0.03	0.76	0.94	1.10	0.61	0.24	1.06
Gr_LG05	0.76	0.04	0.37	0.90	0.56	0.75	1.04
Ma_LG05	0.94	0.37	0.01	0.82	0.52	1.03	0.91
Mz_LG05	1.10	0.90	0.82	0.01	1.09	1.09	0.26
Ol_LG05	0.61	0.56	0.52	1.09	0.01	0.57	1.16
Pu_LG05	0.24	0.75	1.03	1.09	0.57	0.01	1.24
On_LG05	1.06	1.04	0.91	0.26	1.16	1.24	-0.00
cactus2	LG05: 4819624 - 4849521	length: 29897	(frames 46020-46262 l=242) 	score=4187.63
Br_LG05	Gr_LG05	Ma_LG05	Mz_LG05	Ol_LG05	Pu_LG05	On_LG05
Br_LG05	0.08	0.66	0.41	1.58	0.37	0.23	1.37
Gr_LG05	0.66	0.05	0.54	0.78	0.53	0.58	0.94
Ma_LG05	0.41	0.54	0.01	1.35	0.42	0.29	1.57
Mz_LG05	1.58	0.78	1.35	0.01	1.25	1.61	0.19
Ol_LG05	0.37	0.53	0.42	1.25	0.01	0.36	1.41
Pu_LG05	0.23	0.58	0.29	1.61	0.36	0.01	2.03
On_LG05	1.37	0.94	1.57	0.19	1.41	2.03	-0.00
cactus0	LG05: 4850399 - 4926377	length: 75978	(frames 46263-46643 l=380) 	score=2690.98
Br_LG05	Gr_LG05	Ma_LG05	Mz_LG05	Ol_LG05	Pu_LG05	On_LG05
Br_LG05	0.03	0.35	0.33	1.76	0.30	0.27	1.61
Gr_LG05	0.35	0.04	0.35	1.39	0.34	0.32	1.65
Ma_LG05	0.33	0.35	0.04	1.45	0.27	0.27	1.72
Mz_LG05	1.76	1.39	1.45	0.01	1.57	1.71	0.19
Ol_LG05	0.30	0.34	0.27	1.57	0.03	0.23	1.82
Pu_LG05	0.27	0.32	0.27	1.71	0.23	0.04	1.84
On_LG05	1.61	1.65	1.72	0.19	1.82	1.84	-0.00
cactus2	LG05: 4926607 - 5014075	length: 87468	(frames 46644-47409 l=765) 	score=1360.92
Br_LG05	Gr_LG05	Ma_LG05	Mz_LG05	Ol_LG05	Pu_LG05	On_LG05
Br_LG05	0.02	0.51	0.56	1.44	0.37	0.37	1.32
Gr_LG05	0.51	0.04	0.43	1.24	0.40	0.35	1.40
Ma_LG05	0.56	0.43	0.02	1.10	0.49	0.46	1.22
Mz_LG05	1.44	1.24	1.10	0.00	1.49	1.31	0.25
Ol_LG05	0.37	0.40	0.49	1.49	0.02	0.29	1.72
Pu_LG05	0.37	0.35	0.46	1.31	0.29	0.06	1.62
On_LG05	1.32	1.40	1.22	0.25	1.72	1.62	-0.00
cactus0	LG05: 5014082 - 5045178	length: 31096	(frames 47410-47659 l=249) 	score=4187.99
Br_LG05	Gr_LG05	Ma_LG05	Mz_LG05	Ol_LG05	Pu_LG05	On_LG05
Br_LG05	0.02	0.29	0.29	1.99	0.24	0.18	1.68
Gr_LG05	0.29	0.00	0.14	1.77	0.27	0.25	1.86
Ma_LG05	0.29	0.14	0.01	2.01	0.19	0.19	1.97
Mz_LG05	1.99	1.77	2.01	-0.00	1.76	1.83	0.16
Ol_LG05	0.24	0.27	0.19	1.76	0.00	0.08	2.03
Pu_LG05	0.18	0.25	0.19	1.83	0.08	0.02	2.07
On_LG05	1.68	1.86	1.97	0.16	2.03	2.07	-0.00
cactus14	LG05: 5045271 - 5109563	length: 64292	(frames 47660-48106 l=446) 	score=2365.6
Br_LG05	Gr_LG05	Ma_LG05	Mz_LG05	Ol_LG05	Pu_LG05	On_LG05
Br_LG05	0.02	0.45	0.72	0.93	0.65	0.65	0.96
Gr_LG05	0.45	0.04	0.48	1.13	0.48	0.51	1.23
Ma_LG05	0.72	0.48	0.03	1.16	0.34	0.34	1.38
Mz_LG05	0.93	1.13	1.16	0.01	1.43	1.27	0.26
Ol_LG05	0.65	0.48	0.34	1.43	0.03	0.25	1.64
Pu_LG05	0.65	0.51	0.34	1.27	0.25	0.04	1.60
On_LG05	0.96	1.23	1.38	0.26	1.64	1.60	-0.00
cactus0	LG05: 5109580 - 5242836	length: 133256	(frames 48107-48719 l=612) 	score=1742.64
Br_LG05	Gr_LG05	Ma_LG05	Mz_LG05	Ol_LG05	Pu_LG05	On_LG05
Br_LG05	0.01	0.27	0.28	1.83	0.26	0.24	1.54
Gr_LG05	0.27	0.04	0.21	1.66	0.23	0.23	1.92
Ma_LG05	0.28	0.21	0.01	1.82	0.20	0.20	2.12
Mz_LG05	1.83	1.66	1.82	0.01	1.96	1.81	0.19
Ol_LG05	0.26	0.23	0.20	1.96	0.03	0.18	2.08
Pu_LG05	0.24	0.23	0.20	1.81	0.18	0.03	2.04
On_LG05	1.54	1.92	2.12	0.19	2.08	2.04	-0.00
cactus14	LG05: 5243494 - 5265850	length: 22356	(frames 48720-48945 l=225) 	score=4752.05
Br_LG05	Gr_LG05	Ma_LG05	Mz_LG05	Ol_LG05	Pu_LG05	On_LG05
Br_LG05	0.05	0.51	0.59	1.20	0.47	0.37	1.11
Gr_LG05	0.51	0.05	0.43	0.88	0.61	0.62	1.02
Ma_LG05	0.59	0.43	0.01	1.02	0.53	0.62	1.07
Mz_LG05	1.20	0.88	1.02	-0.00	1.43	1.35	0.25
Ol_LG05	0.47	0.61	0.53	1.43	0.00	0.19	1.54
Pu_LG05	0.37	0.62	0.62	1.35	0.19	0.02	1.37
On_LG05	1.11	1.02	1.07	0.25	1.54	1.37	-0.00
cactus0	LG05: 5266136 - 5333161	length: 67025	(frames 48946-49597 l=651) 	score=1665.08
Br_LG05	Gr_LG05	Ma_LG05	Mz_LG05	Ol_LG05	Pu_LG05	On_LG05
Br_LG05	0.03	0.23	0.25	1.96	0.22	0.24	1.75
Gr_LG05	0.23	0.03	0.20	1.64	0.25	0.26	1.73
Ma_LG05	0.25	0.20	0.01	1.70	0.25	0.25	1.80
Mz_LG05	1.96	1.64	1.70	0.00	2.17	1.94	0.12
Ol_LG05	0.22	0.25	0.25	2.17	-0.00	0.11	2.17
Pu_LG05	0.24	0.26	0.25	1.94	0.11	0.01	2.22
On_LG05	1.75	1.73	1.80	0.12	2.17	2.22	-0.00
cactus14	LG05: 5333190 - 5716279	length: 383089	(frames 49598-53041 l=3443) 	score=338.808
Br_LG05	Gr_LG05	Ma_LG05	Mz_LG05	Ol_LG05	Pu_LG05	On_LG05
Br_LG05	0.03	0.52	0.58	1.21	0.58	0.40	1.16
Gr_LG05	0.52	0.07	0.46	1.08	0.54	0.50	1.22
Ma_LG05	0.58	0.46	0.02	1.11	0.48	0.53	1.23
Mz_LG05	1.21	1.08	1.11	0.00	1.27	1.26	0.25
Ol_LG05	0.58	0.54	0.48	1.27	0.01	0.34	1.44
Pu_LG05	0.40	0.50	0.53	1.26	0.34	0.06	1.48
On_LG05	1.16	1.22	1.23	0.25	1.44	1.48	-0.00
cactus2	LG05: 5716347 - 6043827	length: 327480	(frames 53042-57341 l=4299) 	score=294.698
Br_LG05	Gr_LG05	Ma_LG05	Mz_LG05	Ol_LG05	Pu_LG05	On_LG05
Br_LG05	0.04	0.42	0.50	1.29	0.45	0.40	1.28
Gr_LG05	0.42	0.07	0.40	1.19	0.43	0.40	1.39
Ma_LG05	0.50	0.40	0.01	1.19	0.46	0.45	1.32
Mz_LG05	1.29	1.19	1.19	0.00	1.29	1.31	0.23
Ol_LG05	0.45	0.43	0.46	1.29	0.01	0.37	1.47
Pu_LG05	0.40	0.40	0.45	1.31	0.37	0.04	1.50
On_LG05	1.28	1.39	1.32	0.23	1.47	1.50	-0.00
cactus0	LG05: 6043850 - 6106241	length: 62391	(frames 57342-57874 l=532) 	score=2397.94
Br_LG05	Gr_LG05	Ma_LG05	Mz_LG05	Ol_LG05	Pu_LG05	On_LG05
Br_LG05	0.02	0.31	0.49	2.01	0.22	0.17	1.68
Gr_LG05	0.31	0.07	0.41	1.59	0.24	0.23	1.73
Ma_LG05	0.49	0.41	0.00	1.23	0.47	0.44	1.24
Mz_LG05	2.01	1.59	1.23	0.01	1.73	1.91	0.15
Ol_LG05	0.22	0.24	0.47	1.73	0.00	0.17	2.04
Pu_LG05	0.17	0.23	0.44	1.91	0.17	0.02	2.04
On_LG05	1.68	1.73	1.24	0.15	2.04	2.04	-0.00
cactus2	LG05: 6106248 - 6169617	length: 63369	(frames 57875-58483 l=608) 	score=2121.71
Br_LG05	Gr_LG05	Ma_LG05	Mz_LG05	Ol_LG05	Pu_LG05	On_LG05
Br_LG05	0.05	0.44	0.51	1.44	0.45	0.35	1.28
Gr_LG05	0.44	0.08	0.37	1.18	0.44	0.34	1.51
Ma_LG05	0.51	0.37	0.02	1.27	0.50	0.47	1.32
Mz_LG05	1.44	1.18	1.27	0.00	1.29	1.42	0.23
Ol_LG05	0.45	0.44	0.50	1.29	0.02	0.42	1.46
Pu_LG05	0.35	0.34	0.47	1.42	0.42	0.04	1.64
On_LG05	1.28	1.51	1.32	0.23	1.46	1.64	-0.00
cactus0	LG05: 6169667 - 6309035	length: 139368	(frames 58484-60222 l=1738) 	score=762.945
Br_LG05	Gr_LG05	Ma_LG05	Mz_LG05	Ol_LG05	Pu_LG05	On_LG05
Br_LG05	0.04	0.30	0.40	1.65	0.29	0.27	1.54
Gr_LG05	0.30	0.06	0.29	1.52	0.29	0.28	1.72
Ma_LG05	0.40	0.29	0.02	1.39	0.34	0.34	1.53
Mz_LG05	1.65	1.52	1.39	0.00	1.79	1.71	0.16
Ol_LG05	0.29	0.29	0.34	1.79	0.01	0.20	1.92
Pu_LG05	0.27	0.28	0.34	1.71	0.20	0.03	1.96
On_LG05	1.54	1.72	1.53	0.16	1.92	1.96	-0.00
cactus13	LG05: 6309084 - 6320908	length: 11824	(frames 60223-60307 l=84) 	score=15633.9
Br_LG05	Gr_LG05	Ma_LG05	Mz_LG05	Ol_LG05	Pu_LG05	On_LG05
Br_LG05	0.05	0.36	1.50	0.63	0.36	1.19	0.58
Gr_LG05	0.36	0.08	0.85	0.82	0.38	0.82	0.90
Ma_LG05	1.50	0.85	0.01	0.97	1.21	0.31	1.19
Mz_LG05	0.63	0.82	0.97	0.01	0.90	1.44	0.31
Ol_LG05	0.36	0.38	1.21	0.90	0.05	0.82	1.01
Pu_LG05	1.19	0.82	0.31	1.44	0.82	0.05	1.51
On_LG05	0.58	0.90	1.19	0.31	1.01	1.51	-0.00
cactus0	LG05: 6321159 - 6374471	length: 53312	(frames 60308-60823 l=515) 	score=2592.49
Br_LG05	Gr_LG05	Ma_LG05	Mz_LG05	Ol_LG05	Pu_LG05	On_LG05
Br_LG05	0.03	0.20	0.24	1.90	0.18	0.18	1.88
Gr_LG05	0.20	0.05	0.21	1.90	0.20	0.19	1.97
Ma_LG05	0.24	0.21	0.01	1.78	0.24	0.27	1.69
Mz_LG05	1.90	1.90	1.78	0.00	2.48	2.08	0.08
Ol_LG05	0.18	0.20	0.24	2.48	0.00	0.16	2.45
Pu_LG05	0.18	0.19	0.27	2.08	0.16	0.02	2.23
On_LG05	1.88	1.97	1.69	0.08	2.45	2.23	-0.00
cactus3	LG05: 6374482 - 6414912	length: 40430	(frames 60824-60939 l=115) 	score=11559.4
Br_LG05	Gr_LG05	Ma_LG05	Mz_LG05	Ol_LG05	Pu_LG05	On_LG05
Br_LG05	0.04	0.37	0.78	1.33	1.00	0.46	1.17
Gr_LG05	0.37	0.10	0.81	1.11	0.94	0.44	1.23
Ma_LG05	0.78	0.81	0.01	0.80	0.37	0.76	0.87
Mz_LG05	1.33	1.11	0.80	0.00	0.64	1.14	0.25
Ol_LG05	1.00	0.94	0.37	0.64	0.01	0.70	0.88
Pu_LG05	0.46	0.44	0.76	1.14	0.70	0.03	1.08
On_LG05	1.17	1.23	0.87	0.25	0.88	1.08	-0.00
cactus0	LG05: 6415074 - 6498105	length: 83031	(frames 60940-61560 l=620) 	score=2180
Br_LG05	Gr_LG05	Ma_LG05	Mz_LG05	Ol_LG05	Pu_LG05	On_LG05
Br_LG05	0.04	0.24	0.36	1.71	0.32	0.20	1.86
Gr_LG05	0.24	0.06	0.31	1.66	0.29	0.25	1.74
Ma_LG05	0.36	0.31	0.02	1.43	0.34	0.35	1.50
Mz_LG05	1.71	1.66	1.43	0.00	1.69	1.63	0.14
Ol_LG05	0.32	0.29	0.34	1.69	0.00	0.26	1.78
Pu_LG05	0.20	0.25	0.35	1.63	0.26	0.05	1.85
On_LG05	1.86	1.74	1.50	0.14	1.78	1.85	-0.00
cactus14	LG05: 6498107 - 6652863	length: 154756	(frames 61561-63289 l=1728) 	score=807.138
Br_LG05	Gr_LG05	Ma_LG05	Mz_LG05	Ol_LG05	Pu_LG05	On_LG05
Br_LG05	0.04	0.48	0.61	1.25	0.48	0.38	1.19
Gr_LG05	0.48	0.07	0.51	1.07	0.49	0.42	1.27
Ma_LG05	0.61	0.51	0.02	1.02	0.53	0.63	1.08
Mz_LG05	1.25	1.07	1.02	0.01	1.31	1.30	0.24
Ol_LG05	0.48	0.49	0.53	1.31	0.02	0.41	1.37
Pu_LG05	0.38	0.42	0.63	1.30	0.41	0.05	1.47
On_LG05	1.19	1.27	1.08	0.24	1.37	1.47	-0.00
cactus0	LG05: 6652967 - 6674793	length: 21826	(frames 63290-63507 l=217) 	score=6420.45
Br_LG05	Gr_LG05	Ma_LG05	Mz_LG05	Ol_LG05	Pu_LG05	On_LG05
Br_LG05	0.04	0.29	0.40	1.69	0.28	0.28	1.51
Gr_LG05	0.29	0.04	0.24	1.79	0.23	0.21	2.13
Ma_LG05	0.40	0.24	0.03	1.66	0.25	0.26	1.67
Mz_LG05	1.69	1.79	1.66	0.00	1.93	1.87	0.13
Ol_LG05	0.28	0.23	0.25	1.93	0.03	0.20	2.14
Pu_LG05	0.28	0.21	0.26	1.87	0.20	0.04	2.18
On_LG05	1.51	2.13	1.67	0.13	2.14	2.18	-0.00
cactus2	LG05: 6674810 - 6740779	length: 65969	(frames 63508-64478 l=970) 	score=1464.44
Br_LG05	Gr_LG05	Ma_LG05	Mz_LG05	Ol_LG05	Pu_LG05	On_LG05
Br_LG05	0.04	0.36	0.50	1.44	0.41	0.33	1.39
Gr_LG05	0.36	0.06	0.37	1.46	0.38	0.34	1.56
Ma_LG05	0.50	0.37	0.00	1.32	0.39	0.43	1.40
